{
  "matrix": [
    [
      53.30074213384189,
      0.09290983411180517,
      -0.3838411019748609,
      0.886761353376951,
      0.06181699281247366,
      -0.7475104556421128,
      0.3751089022926596,
      0.5391711473754567,
      -1.0319510223646595,
      0.23994047315639638,
      0.23137992735958957,
      -0.18956998304867848,
      0.499475444105693,
      -0.03216207485622635,
      -1.123820426516036,
      -0.7427603876759385,
      -0.03727365717921305,
      -0.15444659691474524,
      -0.26967538332415486,
      -0.8267698795958107,
      1.432502102753778,
      -0.4256695009980325,
      0.532769157273788,
      -1.208070267834882,
      -0.20957911093863768,
      0.22090141096216157,
      -0.9095420155326758,
      -0.3972075038568438,
      -0.8237748363003723,
      0.008569631402843503,
      0.08832723196862041,
      0.8760620540144926,
      -0.09819683292138703,
      -0.23903887787116235,
      0.5865875056883741,
      -1.9620379714851297,
      1.0550271403788813,
      -1.3029487168617893,
      -0.31561582219384743,
      -0.788085616168879,
      0.031644152510514445,
      0.4982332729288026,
      0.13038062185463803,
      -0.23847905001067998,
      0.16291305970965786,
      -0.4236966643861214,
      0.29565442338156556,
      1.0585293051327689,
      -0.18905963188439595,
      -1.3396160354219881
    ],
    [
      0.09290983411180517,
      50.75917974704563,
      -0.5487836615356589,
      0.4790622491689218,
      0.7958920244320926,
      0.9245710330854873,
      -0.699699281709804,
      0.5830719205491687,
      -0.13405579577510446,
      0.9653437238117988,
      0.7151212013124203,
      -0.1706681060279483,
      -1.0142501490918268,
      -0.034820797266456704,
      0.9307675241155436,
      0.0022777114772446483,
      -0.29402742489885386,
      0.22402788936588475,
      -0.015851393639863265,
      -0.14653217904541374,
      0.6430146442105914,
      0.9669200499516891,
      -1.4660407086518203,
      -0.2943732288948543,
      -1.5245753226074987,
      0.8277157329920742,
      0.5395447088873471,
      -1.0504938940229436,
      0.31420676453139423,
      -0.14267698498282744,
      -0.38542880208302266,
      0.07671941066739027,
      1.4263852319448505,
      -0.09623695084574047,
      -0.15965323637276205,
      0.08805913797318554,
      0.4273706519437267,
      1.0520310011345981,
      -0.4317898467615244,
      0.8875944669136739,
      -0.02372056068373872,
      0.05075738741099445,
      -0.8020523241174313,
      0.666904009565125,
      -0.29150597242972814,
      0.023819991057614454,
      -0.35097017512491846,
      0.4390306108782934,
      0.09096716439092943,
      -0.5332046708027958
    ],
    [
      -0.3838411019748609,
      -0.5487836615356589,
      57.27396140731978,
      -0.7411509954000548,
      0.46088276575463394,
      1.2631035269135857,
      1.316739753166896,
      0.5161187180169292,
      0.13139704522047377,
      -0.5300859810508555,
      -1.6586693945590913,
      0.5706340931052952,
      0.4649180650233433,
      1.0971767109652277,
      -0.4483523276619409,
      -0.33716295532186014,
      0.030704503617870027,
      -0.9030325824630249,
      0.585783818724919,
      -0.24980319575183496,
      0.4253311584816105,
      -0.20767863425600006,
      1.7455845078584133,
      -1.0204064052408914,
      0.35457729841627705,
      0.09835999161926157,
      -0.5827480409130485,
      -0.012417500698991946,
      0.642677759875319,
      -0.13136123731381547,
      -1.1844311572442199,
      -0.40470980597526685,
      -0.8541339464253201,
      0.3339883661062588,
      -0.14235138283601662,
      0.4479293609450578,
      -0.74583002962335,
      -0.7578491739810778,
      0.9933209274781556,
      -1.0682983086482871,
      -0.28247999319791595,
      0.3245131326035857,
      -1.238573157917961,
      0.102760173414133,
      0.4898203681983027,
      -0.33467640913712426,
      -0.8104609914152168,
      -0.31844364494189936,
      -0.012369259485183859,
      0.1149031915919154
    ],
    [
      0.886761353376951,
      0.4790622491689218,
      -0.7411509954000548,
      58.61827592631578,
      0.6734372626667922,
      0.15905692126238952,
      1.2380723882891107,
      0.1569471954741802,
      -0.5721614517189533,
      0.5803000620758371,
      -0.2058562167683753,
      0.5207527235218326,
      1.2571167189061776,
      -0.9636041135466904,
      -0.22254258355961892,
      0.733211361772169,
      0.17989243564472376,
      1.5429047568807497,
      0.5165318733022141,
      0.34501421985788494,
      -0.7682256036655486,
      -0.2775682595707656,
      -0.10834566878463897,
      -0.49096890929542725,
      0.4099944141832035,
      0.600619909441798,
      -0.37137163380746885,
      1.106344618729982,
      0.22714823871355533,
      2.6609261403850066,
      0.31114644517702705,
      -0.8420189552280712,
      -0.935042252355683,
      0.06465306121624848,
      0.44311852831518617,
      -0.5583162013821825,
      -0.5202383840196412,
      0.4231626304765644,
      -0.23857576293515553,
      -1.0843067816673422,
      -0.3772382408530307,
      0.27633638277340383,
      0.6697642642724867,
      -0.5075189364966523,
      -0.5600460160099908,
      0.1866142159413911,
      -0.31682861497471926,
      -0.6061153026275032,
      -0.10672319594002669,
      -0.9293651434706874
    ],
    [
      0.06181699281247366,
      0.7958920244320926,
      0.46088276575463394,
      0.6734372626667922,
      63.64593533210332,
      -1.2285975029345682,
      0.24706683662225581,
      0.24738487150476,
      0.03249110741340214,
      1.6612369361411403,
      -0.03987602921432998,
      0.7365841511279005,
      0.6837183333584516,
      1.612375527277829,
      -0.9359492090821246,
      -0.09521483416933779,
      -0.6036607209849437,
      0.591842820624923,
      -0.14713223990460006,
      -0.00013851950312312317,
      1.5064409401435492,
      -1.2087851732185841,
      0.8972215035560149,
      0.014649644473358703,
      -0.21153589773186457,
      1.1583097947203291,
      0.30039493133293316,
      -0.8271275893280128,
      0.14037198827292408,
      0.62255369728311,
      -0.45027562712103253,
      -0.005010151159775947,
      -0.2185858411391093,
      -0.15655825207206298,
      1.276881373126919,
      0.5725608109214959,
      -1.914141131456776,
      0.593518316406203,
      -0.38454430438630843,
      0.12838602037636593,
      -1.3430677026932432,
      -0.730303682470057,
      -0.34221230694343535,
      -0.19720478550122938,
      -1.0783663919368924,
      -0.7934473401270337,
      0.760361089311504,
      0.2793073764063443,
      1.719453165289817,
      0.5435168883367877
    ],
    [
      -0.7475104556421128,
      0.9245710330854873,
      1.2631035269135857,
      0.15905692126238952,
      -1.2285975029345682,
      60.08202284369234,
      0.6921192662477024,
      -0.8550994151282948,
      0.5333346802468636,
      -0.009119389416503698,
      -0.7070279276713896,
      -0.23570116109213374,
      -0.6822357637555033,
      -0.4825846036599008,
      0.17672089997623966,
      0.6922994414362706,
      0.661619590231498,
      -1.0004438358550545,
      -0.1968039692704175,
      0.6240182044371094,
      0.9173793372439325,
      -1.0537427595587454,
      0.06162891251471436,
      0.5100250751811106,
      -0.47045847992203427,
      -0.3737687722139673,
      -0.3497041431087836,
      -1.5956295846518522,
      -0.3434965017897209,
      -1.073038178008789,
      -0.16985535203801355,
      0.5147480906686124,
      0.31634410394331985,
      -0.7666084544829392,
      0.945887860018862,
      -0.2892146271797721,
      -0.8679605190205365,
      -0.041151501296034176,
      0.36435439677265513,
      0.37586928667511177,
      0.002585728507831675,
      -0.6561293971901653,
      0.5266540981558759,
      0.11662034449077358,
      0.4147108819227123,
      -0.16463885631784317,
      2.004759215719306,
      0.2842750260552327,
      1.076661585314654,
      1.0584374986297698
    ],
    [
      0.3751089022926596,
      -0.699699281709804,
      1.316739753166896,
      1.2380723882891107,
      0.24706683662225581,
      0.6921192662477024,
      47.68978373642836,
      -0.3050422624141099,
      -0.26026152410627823,
      -0.15461150619422595,
      -0.4050375637330447,
      0.3055853139573483,
      0.025813574942228412,
      0.4137194639567924,
      0.012524727329022989,
      0.25716087125682413,
      0.4520433714643384,
      -0.5713111648488424,
      -0.5178448942457385,
      0.10629114600500977,
      0.49609459251022525,
      0.2848014772227342,
      -0.10272338908545142,
      0.7021184652538682,
      -0.8540045346532287,
      0.2291918870249856,
      0.593146015434598,
      0.12270912285522656,
      -0.3988454248448443,
      0.6908435651844063,
      0.34207033730490033,
      0.008165127373708947,
      0.09923743709426093,
      -0.2543503676212487,
      0.8238467173102413,
      -0.14225294806491526,
      -0.2791852728905141,
      0.5355397292056676,
      -0.5789723488964374,
      -1.349699383391335,
      -0.4105074601021036,
      -0.11626683102637336,
      -0.327827081769573,
      -0.4410697778475334,
      0.5065388614588211,
      0.5594686637274683,
      -0.4206806411805707,
      -0.8883704568113792,
      -1.0090127290900168,
      -0.3967501965409451
    ],
    [
      0.5391711473754567,
      0.5830719205491687,
      0.5161187180169292,
      0.1569471954741802,
      0.24738487150476,
      -0.8550994151282948,
      -0.3050422624141099,
      54.41965956789824,
      0.090169537658398,
      -0.9312366329858486,
      -0.17232212771932187,
      0.5500903625914784,
      -0.6767074258841373,
      0.1887933174944691,
      1.2224690868477386,
      -0.10819217409548118,
      -0.12732806992653029,
      0.24200397858409947,
      0.4219648322880262,
      -0.15812828235084128,
      0.32984098797045613,
      0.8353636552524072,
      0.19886402231069278,
      1.6058533157147579,
      0.7451407699803041,
      -0.17416427676100216,
      0.4316008200382373,
      0.2875730055704491,
      1.8455682925865795,
      -0.21356995023618686,
      0.05779168319486733,
      -0.7012857980621835,
      -0.24960863292012314,
      0.3959212569635993,
      0.5703746366707588,
      0.5516341668395732,
      0.42524049950354664,
      0.8130621623084667,
      -0.08817181536187751,
      1.2804224389987953,
      -0.8577516512082743,
      0.6831541761096166,
      -0.3409206407061296,
      0.7568718345490598,
      0.7675267347534735,
      -0.44496872289287903,
      -0.9481655739056327,
      0.7486304207538319,
      0.35759628631327833,
      0.7386104062544194
    ],
    [
      -1.0319510223646595,
      -0.13405579577510446,
      0.13139704522047377,
      -0.5721614517189533,
      0.03249110741340214,
      0.5333346802468636,
      -0.26026152410627823,
      0.090169537658398,
      57.14248016437865,
      -0.019605235644216512,
      0.38006825301685837,
      -0.3650949747297862,
      -1.6564172098199506,
      0.737880791333182,
      -0.8748076979520651,
      -0.8034221583688836,
      1.4034540505480217,
      -0.21827420499405628,
      0.9123906826024509,
      0.31864288082115644,
      1.5551503201006611,
      1.1494704985188184,
      -0.43636655458743934,
      0.9766682189729748,
      -0.378614661107273,
      0.3318098508869699,
      0.06048605262573681,
      -0.39643005438784473,
      0.36787232400372605,
      -0.23449336617018435,
      -0.5474258131869638,
      -0.2732718044002894,
      0.026836219335735656,
      -0.14450015474183941,
      0.6848616528567273,
      0.8431865192042103,
      0.023712421769579217,
      -0.5457039144675172,
      -1.448653722877105,
      0.5002545550847165,
      0.5216555586858562,
      0.11493329045391593,
      -1.1980302878944307,
      0.5962618777454901,
      -0.8087637655140038,
      -0.9672706538985478,
      0.4505519472886993,
      -1.3580575096128376,
      0.14876481857744928,
      -0.27976420579300887
    ],
    [
      0.23994047315639638,
      0.9653437238117988,
      -0.5300859810508555,
      0.5803000620758371,
      1.6612369361411403,
      -0.009119389416503698,
      -0.15461150619422595,
      -0.9312366329858486,
      -0.019605235644216512,
      55.04721936540236,
      0.5668875082526758,
      -0.1928604644242672,
      0.3981594017482987,
      0.03480974940513977,
      0.7920641592996042,
      0.2396701399378842,
      -0.14022030108803935,
      0.6952197639014079,
      0.8163767878474664,
      -0.06405484031368253,
      -0.405143454356106,
      -1.3362677484108454,
      0.19942014583411694,
      0.5210214419679511,
      1.6972722283441115,
      -0.15240255860704216,
      0.5256275979678596,
      0.2473050371613459,
      1.4140238960000953,
      0.8963781313522676,
      0.6748062447872476,
      -0.6133320208214973,
      -0.92939991119193,
      0.6716710984981342,
      -0.8654400249774724,
      -0.05366962800681341,
      0.12423271491679444,
      -0.4106130824215871,
      0.9150423649181357,
      0.5524393355393051,
      0.4647987481549705,
      0.8367670251287851,
      0.34027786936498067,
      -0.15179657030156957,
      0.7612077413465057,
      0.3689290952405766,
      -0.07479536422631017,
      0.10915706669853133,
      -1.0119407710686876,
      -0.45539873002253084
    ],
    [
      0.23137992735958957,
      0.7151212013124203,
      -1.6586693945590913,
      -0.2058562167683753,
      -0.03987602921432998,
      -0.7070279276713896,
      -0.4050375637330447,
      -0.17232212771932187,
      0.38006825301685837,
      0.5668875082526758,
      46.84776887438816,
      0.11976837372363798,
      0.207708804743824,
      -0.7406128344609171,
      -0.18287693168285718,
      0.08987669979399104,
      0.15702277173151086,
      -0.3873161119736257,
      -0.10422296476188747,
      0.6970549416196665,
      -0.17600560774352303,
      0.6575294515141399,
      -0.42665307985459666,
      -0.9644035231402068,
      -1.0035611959669009,
      -0.6232775940713984,
      -0.8262846983141533,
      0.01638754874419322,
      0.7939583217852699,
      -0.5213863045440912,
      -0.25154832767806556,
      -0.841443678308698,
      -0.17894553378143033,
      0.0530494337887043,
      0.2276222807424068,
      0.8436816003439035,
      -0.6717372084836959,
      -0.25943214285018656,
      1.3694039043497663,
      -0.31589293506971755,
      -0.38593387615191616,
      -0.13940444624482295,
      -0.007154912099454902,
      0.1650553318604342,
      -1.8610261170485034,
      -0.18007835186848364,
      0.12820225081167416,
      -0.6162084471125321,
      0.5949617585630848,
      -0.2640149593998666
    ],
    [
      -0.18956998304867848,
      -0.1706681060279483,
      0.5706340931052952,
      0.5207527235218326,
      0.7365841511279005,
      -0.23570116109213374,
      0.3055853139573483,
      0.5500903625914784,
      -0.3650949747297862,
      -0.1928604644242672,
      0.11976837372363798,
      48.400916776890035,
      0.40777001626061865,
      -0.4364412367041166,
      0.5522504051467763,
      -0.14303277918809498,
      -1.2389277967260144,
      -1.2619152129573181,
      -0.8258207966809583,
      0.48881952304556137,
      0.10800899194097567,
      -0.5860526541773964,
      0.27218012347194276,
      1.0359210218909387,
      0.06825019169379093,
      -1.0675649587977367,
      0.5266904286544265,
      0.6750783467440276,
      -0.4611781181895908,
      -0.04027209654121833,
      0.072418474107348,
      -0.5812497965243123,
      -0.4652044712951861,
      1.0763121654066585,
      0.030742545552448458,
      0.49517403868611415,
      -0.1562839437773474,
      -0.019518048152504852,
      1.5308179813684388,
      -0.28526487552560514,
      -0.3455792706734109,
      -0.3075146175822567,
      0.1580934598370488,
      0.2900834418594766,
      0.821027635306633,
      -0.052860821946524694,
      0.7626682103094755,
      -1.165717000812921,
      0.5468193291682206,
      0.5599914557022873
    ],
    [
      0.499475444105693,
      -1.0142501490918268,
      0.4649180650233433,
      1.2571167189061776,
      0.6837183333584516,
      -0.6822357637555033,
      0.025813574942228412,
      -0.6767074258841373,
      -1.6564172098199506,
      0.3981594017482987,
      0.207708804743824,
      0.40777001626061865,
      64.36659997078944,
      -0.5791211587571874,
      0.9504164464039383,
      1.3446528601220111,
      0.7781863394793129,
      1.1366359126143768,
      0.3651964577237342,
      0.21020259699030075,
      0.6423932085899768,
      0.8101170287540496,
      1.376046113581894,
      -0.022076210304309174,
      0.4373896805350998,
      0.013770158007592015,
      0.20030136437936624,
      -0.003103275842747444,
      0.25580634218515114,
      0.4425841305924616,
      -1.2046434751588122,
      -0.44734497040616394,
      0.36255093928408477,
      -1.2743679844780074,
      -1.5923869606371017,
      -0.7897115164820883,
      1.2176956061086694,
      0.43340334387030843,
      -0.32595489915014836,
      -0.3869781718421389,
      -0.5524635245387133,
      1.0297431876091412,
      -0.10933608798394183,
      -0.5024606023106606,
      0.3182949991187324,
      0.48152931103724184,
      -1.2334079418750847,
      -0.7883270263678517,
      -0.676739668226546,
      0.5892276587470378
    ],
    [
      -0.03216207485622635,
      -0.034820797266456704,
      1.0971767109652277,
      -0.9636041135466904,
      1.612375527277829,
      -0.4825846036599008,
      0.4137194639567924,
      0.1887933174944691,
      0.737880791333182,
      0.03480974940513977,
      -0.7406128344609171,
      -0.4364412367041166,
      -0.5791211587571874,
      53.788969330902006,
      -0.15685483416254675,
      0.005185163983623481,
      -0.02921122045464032,
      1.6499353308391052,
      -0.5367582643147688,
      0.9002553047554871,
      0.2784486872040306,
      -1.9065520055931247,
      0.07649714694612794,
      -1.0084198064763417,
      -0.25629365888669,
      -0.8492451403351208,
      -0.27638276955698327,
      0.3896007512710336,
      1.5503403690242725,
      0.21051732039242932,
      -0.5724322765149124,
      -0.12250318742808974,
      -0.30117873164628783,
      -0.059223712933257205,
      -0.1873530658707619,
      -0.4444836908623902,
      0.32825695885369843,
      -1.061676390393889,
      0.6059022215739742,
      0.5447394487180484,
      -0.6504346334639723,
      0.528054025215876,
      -1.041625391690685,
      0.8780423227327652,
      0.0705054625676517,
      -0.6903000594815196,
      0.4119380556667561,
      -0.06921260069768886,
      0.0032620990963186935,
      -0.7112822793851434
    ],
    [
      -1.123820426516036,
      0.9307675241155436,
      -0.4483523276619409,
      -0.22254258355961892,
      -0.9359492090821246,
      0.17672089997623966,
      0.012524727329022989,
      1.2224690868477386,
      -0.8748076979520651,
      0.7920641592996042,
      -0.18287693168285718,
      0.5522504051467763,
      0.9504164464039383,
      -0.15685483416254675,
      45.92663060186396,
      1.1262876041510985,
      0.5730360940653373,
      -0.23124346451125433,
      -0.22945387230040398,
      -0.07334065900414709,
      1.0218827860286543,
      -1.0363046670298788,
      -0.5988832584810683,
      0.8829172630161777,
      -0.06204212008204296,
      -0.007311256158300569,
      0.014393276454386882,
      0.7720766035130812,
      -0.5916389553447523,
      -0.6794140876035177,
      0.05658228462749115,
      -0.12076444026129934,
      0.1138864210619231,
      -0.20279452883836557,
      0.24691372568586045,
      0.11326749714154721,
      -0.006250456795978326,
      1.1435156134118332,
      -0.06779164484508116,
      0.7849872655107895,
      -0.5056996946999484,
      -0.5071073086680365,
      0.05800288386222352,
      0.8033158683896037,
      0.02380843635481078,
      -0.022763853851508087,
      0.42634550826576983,
      -0.6923231630230556,
      0.2030718319257771,
      -0.26875251622947455
    ],
    [
      -0.7427603876759385,
      0.0022777114772446483,
      -0.33716295532186014,
      0.733211361772169,
      -0.09521483416933779,
      0.6922994414362706,
      0.25716087125682413,
      -0.10819217409548118,
      -0.8034221583688836,
      0.2396701399378842,
      0.08987669979399104,
      -0.14303277918809498,
      1.3446528601220111,
      0.005185163983623481,
      1.1262876041510985,
      56.736039411948354,
      -0.7602744317669669,
      0.6915495378497629,
      -0.17397276600871409,
      1.6262828867232009,
      0.4528313594590616,
      -0.8410683352602057,
      0.4986843707608732,
      1.7061534279830013,
      0.9347760174454651,
      -1.4919696083977183,
      -1.0194867040875142,
      -0.2030241042892374,
      0.42670334949059546,
      0.6046252509856438,
      0.02797674627498515,
      -0.8083359579141574,
      1.786652709425412,
      0.2938588414924705,
      0.2346285828134395,
      0.11876706511921503,
      -0.02863503543319168,
      -0.6016559544036189,
      -0.3064197555963344,
      -0.7856901261303713,
      0.11789604017989117,
      -0.18753548522423547,
      -0.12081736463810588,
      -1.145921383824089,
      -0.4075891553781069,
      1.1228301829054392,
      0.19101572837890032,
      1.1076142036445618,
      0.14990684347805458,
      0.4585234883812436
    ],
    [
      -0.03727365717921305,
      -0.29402742489885386,
      0.030704503617870027,
      0.17989243564472376,
      -0.6036607209849437,
      0.661619590231498,
      0.4520433714643384,
      -0.12732806992653029,
      1.4034540505480217,
      -0.14022030108803935,
      0.15702277173151086,
      -1.2389277967260144,
      0.7781863394793129,
      -0.02921122045464032,
      0.5730360940653373,
      -0.7602744317669669,
      46.93989025772913,
      0.587748093174171,
      0.34509024949598166,
      0.19454403650304075,
      -0.5843532268574103,
      0.05733298223233707,
      2.351156854428763,
      0.5107171290354295,
      -0.5594965728223201,
      0.6710792078845003,
      0.2572292413276699,
      -0.27508228333160006,
      -0.18158684609938638,
      0.6940599477454495,
      0.08449961610392698,
      -0.42583061462966315,
      -0.3526939291931908,
      -0.8835498986995196,
      0.1486477215911167,
      1.2025787250171673,
      -0.30065745425761403,
      0.017096081801433183,
      0.09826932328417243,
      -0.20566363226641754,
      -0.15698927548152186,
      -0.8819988330549127,
      -0.6756609684511586,
      -0.2142238825131438,
      -0.1351337639137697,
      -0.6430681599991839,
      0.5640545721887151,
      0.9597493384292982,
      -0.04313185450589635,
      -0.6471415295901997
    ],
    [
      -0.15444659691474524,
      0.22402788936588475,
      -0.9030325824630249,
      1.5429047568807497,
      0.591842820624923,
      -1.0004438358550545,
      -0.5713111648488424,
      0.24200397858409947,
      -0.21827420499405628,
      0.6952197639014079,
      -0.3873161119736257,
      -1.2619152129573181,
      1.1366359126143768,
      1.6499353308391052,
      -0.23124346451125433,
      0.6915495378497629,
      0.587748093174171,
      56.34593673779984,
      0.4225766979145943,
      1.9055724858385825,
      -0.3304165307741855,
      0.18126477142003283,
      -0.7184690125240563,
      -0.08351045994477974,
      0.12293359467500244,
      0.44532511102649897,
      -0.41141800169541953,
      -0.35474000371714876,
      0.1260846913952524,
      0.7915324016355325,
      1.5788720552141995,
      -0.007464777608110595,
      -0.6206152463067032,
      0.2696929779204273,
      0.43619558470268893,
      0.8354107566518485,
      -0.06761256695822809,
      0.38370652302026187,
      -0.015096383779403366,
      0.47871514846469804,
      -0.5916900916046948,
      0.1864974344604968,
      0.036162657490320826,
      -0.044141134234471746,
      0.6580131882058523,
      0.48418085675430994,
      -0.3921856334318888,
      -0.780322135579812,
      0.7735490914544267,
      -0.38949891776981704
    ],
    [
      -0.26967538332415486,
      -0.015851393639863265,
      0.585783818724919,
      0.5165318733022141,
      -0.14713223990460006,
      -0.1968039692704175,
      -0.5178448942457385,
      0.4219648322880262,
      0.9123906826024509,
      0.8163767878474664,
      -0.10422296476188747,
      -0.8258207966809583,
      0.3651964577237342,
      -0.5367582643147688,
      -0.22945387230040398,
      -0.17397276600871409,
      0.34509024949598166,
      0.4225766979145943,
      51.164679046150795,
      0.07696602112698209,
      0.3766422208327259,
      -0.7471082503614758,
      0.16703436043092174,
      -0.05268323663694363,
      0.17984978783254257,
      -1.1293584236867706,
      -0.5842170247154357,
      -0.03303518806349473,
      1.5469962278234362,
      -0.6308166615540861,
      -0.7896931755112017,
      0.15930560627702373,
      -0.9371857483108936,
      -0.6790929650577644,
      0.5747331335961859,
      -0.18942470878406276,
      -0.6161815279792038,
      -0.19130499145792246,
      0.03782844759320461,
      -0.3794934555447047,
      -0.322443184230834,
      1.1476027321900424,
      -0.9560662404183248,
      -0.16659786144318214,
      1.9731793926070906,
      -0.787132298666912,
      -1.0419134624353847,
      -0.9042162549149517,
      0.17255495228632317,
      0.4633342210668806
    ],
    [
      -0.8267698795958107,
      -0.14653217904541374,
      -0.24980319575183496,
      0.34501421985788494,
      -0.00013851950312312317,
      0.6240182044371094,
      0.10629114600500977,
      -0.15812828235084128,
      0.31864288082115644,
      -0.06405484031368253,
      0.6970549416196665,
      0.48881952304556137,
      0.21020259699030075,
      0.9002553047554871,
      -0.07334065900414709,
      1.6262828867232009,
      0.19454403650304075,
      1.9055724858385825,
      0.07696602112698209,
      47.089661916636764,
      0.27613518065635284,
      -0.16727388787208253,
      0.945648972498168,
      0.10039578973895841,
      0.8494828472793043,
      -0.3267237778675468,
      -0.31963881111726133,
      -1.6543410203279287,
      -0.5380335335980497,
      0.6025086621822191,
      1.3199463624925103,
      -0.05179755778066503,
      0.09073478303377092,
      0.24951110602969973,
      -0.21954445483020588,
      -0.3034396565760376,
      0.25810938730798333,
      0.2332740013105433,
      -0.34652737576339565,
      0.5803279679307977,
      -0.51543779345296,
      -0.5577597330913491,
      -0.21910257256038296,
      -0.10781293677573203,
      -0.6243228553204561,
      -0.1813114829938004,
      0.34876614693891383,
      0.9383272406369743,
      -0.9488255590469399,
      0.1816344808883985
    ],
    [
      1.432502102753778,
      0.6430146442105914,
      0.4253311584816105,
      -0.7682256036655486,
      1.5064409401435492,
      0.9173793372439325,
      0.49609459251022525,
      0.32984098797045613,
      1.5551503201006611,
      -0.405143454356106,
      -0.17600560774352303,
      0.10800899194097567,
      0.6423932085899768,
      0.2784486872040306,
      1.0218827860286543,
      0.4528313594590616,
      -0.5843532268574103,
      -0.3304165307741855,
      0.3766422208327259,
      0.27613518065635284,
      61.85417311255962,
      -0.31031029140888156,
      0.5405856703485005,
      1.4505994741993145,
      0.2699723755355993,
      0.7638168951341505,
      0.047326701532653725,
      -0.026457366602580842,
      0.5759070258900247,
      0.08691946072362278,
      0.4818285790510039,
      -0.43715969712788116,
      0.25624676657152184,
      0.20413192026652335,
      0.014959667938354348,
      0.8087946048312433,
      -0.678511315047323,
      -1.285039774347878,
      -0.8774239959079079,
      0.8203275124465081,
      0.8719301608620985,
      0.25325661086111534,
      1.7456481275221059,
      0.47441302354419734,
      -0.26548372598102093,
      0.6156682105125044,
      0.545912054516823,
      -0.8661451674604584,
      1.2619290281736721,
      1.2265347009567318
    ],
    [
      -0.4256695009980325,
      0.9669200499516891,
      -0.20767863425600006,
      -0.2775682595707656,
      -1.2087851732185841,
      -1.0537427595587454,
      0.2848014772227342,
      0.8353636552524072,
      1.1494704985188184,
      -1.3362677484108454,
      0.6575294515141399,
      -0.5860526541773964,
      0.8101170287540496,
      -1.9065520055931247,
      -1.0363046670298788,
      -0.8410683352602057,
      0.05733298223233707,
      0.18126477142003283,
      -0.7471082503614758,
      -0.16727388787208253,
      -0.31031029140888156,
      66.09615934263049,
      0.6319260983103178,
      -0.5009004001095969,
      0.6530437648370837,
      0.05769076887293226,
      -0.5134445721515102,
      0.6417966595882154,
      1.2866335639720565,
      0.12021941889705534,
      0.11672278453037829,
      -0.8017735637438391,
      -0.8799565147673747,
      0.8549617858730767,
      0.06119438732381807,
      1.0625463438109113,
      0.5535676684953053,
      0.011934064368889094,
      0.24443405514841535,
      -1.5683692418746293,
      0.10288783927206387,
      0.5994542426481881,
      0.7561169157675018,
      -0.012002568917611665,
      0.042549135790210024,
      -0.2839725721110673,
      0.4287858469141023,
      -1.2732439905113542,
      1.0429588335651274,
      1.3551804852586766
    ],
    [
      0.532769157273788,
      -1.4660407086518203,
      1.7455845078584133,
      -0.10834566878463897,
      0.8972215035560149,
      0.06162891251471436,
      -0.10272338908545142,
      0.19886402231069278,
      -0.43636655458743934,
      0.19942014583411694,
      -0.42665307985459666,
      0.27218012347194276,
      1.376046113581894,
      0.07649714694612794,
      -0.5988832584810683,
      0.4986843707608732,
      2.351156854428763,
      -0.7184690125240563,
      0.16703436043092174,
      0.945648972498168,
      0.5405856703485005,
      0.6319260983103178,
      55.31248649138337,
      -0.5194019043893038,
      1.1336042066165972,
      -1.1193290788456336,
      0.11606834358997101,
      -1.063088496475357,
      -0.21454553806793894,
      0.09737262181528136,
      0.047436558300220574,
      0.357739343200957,
      1.2664701018169253,
      0.03088807623507897,
      0.24732692279842716,
      0.17071890327695266,
      0.482307253558281,
      -0.7678210496613669,
      -0.23767147794497423,
      0.6785367594203296,
      0.5315475462393295,
      0.7321822021365285,
      -0.08465798338346069,
      -0.09713553489165085,
      0.2855600736080336,
      -0.3300645157900721,
      -0.319251110371658,
      -0.6400163283707534,
      0.6825571595784722,
      -0.8164736904766551
    ],
    [
      -1.208070267834882,
      -0.2943732288948543,
      -1.0204064052408914,
      -0.49096890929542725,
      0.014649644473358703,
      0.5100250751811106,
      0.7021184652538682,
      1.6058533157147579,
      0.9766682189729748,
      0.5210214419679511,
      -0.9644035231402068,
      1.0359210218909387,
      -0.022076210304309174,
      -1.0084198064763417,
      0.8829172630161777,
      1.7061534279830013,
      0.5107171290354295,
      -0.08351045994477974,
      -0.05268323663694363,
      0.10039578973895841,
      1.4505994741993145,
      -0.5009004001095969,
      -0.5194019043893038,
      57.199725611801654,
      -0.17008274570758902,
      -0.29854176328078796,
      -0.6032275851845917,
      -0.8559505123357455,
      -0.9139003872449619,
      -0.544450561243287,
      -0.3897725427850006,
      0.017710240860597137,
      0.12508626023165953,
      -1.2464553940608398,
      -0.18713032627864207,
      0.5676893216127293,
      -0.8162449871808847,
      0.27751369113615765,
      0.39464948156785074,
      -0.3868041300724302,
      -0.6017224464865761,
      -0.5683548937563044,
      -0.43212923657974067,
      0.23576996319563867,
      -0.8871089533748862,
      0.2373135777242118,
      0.8274273172104281,
      0.5271363452923463,
      0.0902185921253995,
      -0.008452086589965324
    ],
    [
      -0.20957911093863768,
      -1.5245753226074987,
      0.35457729841627705,
      0.4099944141832035,
      -0.21153589773186457,
      -0.47045847992203427,
      -0.8540045346532287,
      0.7451407699803041,
      -0.378614661107273,
      1.6972722283441115,
      -1.0035611959669009,
      0.06825019169379093,
      0.4373896805350998,
      -0.25629365888669,
      -0.06204212008204296,
      0.9347760174454651,
      -0.5594965728223201,
      0.12293359467500244,
      0.17984978783254257,
      0.8494828472793043,
      0.2699723755355993,
      0.6530437648370837,
      1.1336042066165972,
      -0.17008274570758902,
      62.62604711571574,
      0.5416385001228786,
      0.05414294339461492,
      0.66208416293256,
      -0.04046503861306194,
      0.7128123442545556,
      -0.4648492805394433,
      -0.45168649857277576,
      0.8925078639331454,
      2.09754251356188,
      -0.8695566350071631,
      0.4483231098730096,
      0.9231777430215842,
      0.3783602522058069,
      1.3215328744676245,
      0.8048439333413203,
      -1.6993199484041561,
      -0.410616127768356,
      -0.2796075105682987,
      -0.9249498161614449,
      -0.6493252916937166,
      -1.1555931028125297,
      0.014243724715089758,
      0.1737127924219095,
      -0.6486607953824872,
      -0.6260385252993758
    ],
    [
      0.22090141096216157,
      0.8277157329920742,
      0.09835999161926157,
      0.600619909441798,
      1.1583097947203291,
      -0.3737687722139673,
      0.2291918870249856,
      -0.17416427676100216,
      0.3318098508869699,
      -0.15240255860704216,
      -0.6232775940713984,
      -1.0675649587977367,
      0.013770158007592015,
      -0.8492451403351208,
      -0.007311256158300569,
      -1.4919696083977183,
      0.6710792078845003,
      0.44532511102649897,
      -1.1293584236867706,
      -0.3267237778675468,
      0.7638168951341505,
      0.05769076887293226,
      -1.1193290788456336,
      -0.29854176328078796,
      0.5416385001228786,
      58.39530786874527,
      0.17193148681391146,
      0.09199708112125288,
      -0.8871537364429851,
      0.16958198482067882,
      0.6111447622432342,
      -0.09405565933901373,
      0.8940783712016195,
      0.31719092379162206,
      0.1499963278335414,
      -1.325627732389242,
      -0.6971323617669438,
      0.9518375688512499,
      -1.0113755988801485,
      -1.2707045230206844,
      0.2862140746423295,
      1.0884633307028704,
      0.2705241018176583,
      1.4640147480732075,
      0.7015666954102886,
      -0.5923573910381641,
      0.7939090692901406,
      0.5791123428521374,
      0.3908235350448689,
      0.5216301556610785
    ],
    [
      -0.9095420155326758,
      0.5395447088873471,
      -0.5827480409130485,
      -0.37137163380746885,
      0.30039493133293316,
      -0.3497041431087836,
      0.593146015434598,
      0.4316008200382373,
      0.06048605262573681,
      0.5256275979678596,
      -0.8262846983141533,
      0.5266904286544265,
      0.20030136437936624,
      -0.27638276955698327,
      0.014393276454386882,
      -1.0194867040875142,
      0.2572292413276699,
      -0.41141800169541953,
      -0.5842170247154357,
      -0.31963881111726133,
      0.047326701532653725,
      -0.5134445721515102,
      0.11606834358997101,
      -0.6032275851845917,
      0.05414294339461492,
      0.17193148681391146,
      51.555487757701606,
      -0.406580147190766,
      0.4232561935496073,
      0.23949029069421146,
      1.707668569139153,
      -0.1981849821040964,
      -0.3303823832944796,
      1.3539423288377241,
      -0.19364799395596824,
      -0.47442753101166235,
      -0.8519008704918929,
      -0.4323188565332152,
      -1.4592321706437792,
      0.6472644711807506,
      0.9805425812803591,
      0.309408584962278,
      -0.37193732278124747,
      -0.20850737616585868,
      1.1845785699774805,
      -0.4027623427467001,
      -1.8228110055206346,
      0.287275632725094,
      -0.3974106283506385,
      -0.22781588786872625
    ],
    [
      -0.3972075038568438,
      -1.0504938940229436,
      -0.012417500698991946,
      1.106344618729982,
      -0.8271275893280128,
      -1.5956295846518522,
      0.12270912285522656,
      0.2875730055704491,
      -0.39643005438784473,
      0.2473050371613459,
      0.01638754874419322,
      0.6750783467440276,
      -0.003103275842747444,
      0.3896007512710336,
      0.7720766035130812,
      -0.2030241042892374,
      -0.27508228333160006,
      -0.35474000371714876,
      -0.03303518806349473,
      -1.6543410203279287,
      -0.026457366602580842,
      0.6417966595882154,
      -1.063088496475357,
      -0.8559505123357455,
      0.66208416293256,
      0.09199708112125288,
      -0.406580147190766,
      60.14435149675203,
      -0.8544119527292736,
      1.122771078726982,
      1.1105846998057292,
      0.33841397315573435,
      1.7191622875003083,
      0.45780056445955647,
      0.775076585145226,
      0.13112789167903996,
      1.356336834572534,
      0.6761446614911625,
      -0.1270000364071721,
      0.0970542958883372,
      0.8494592479392769,
      0.26308453370835505,
      1.5638544710977476,
      0.16063795498923095,
      -0.4828725585254069,
      -0.4820568646468738,
      -0.8671129960020487,
      -1.1488308622963448,
      0.5691114454725572,
      0.3981831921748193
    ],
    [
      -0.8237748363003723,
      0.31420676453139423,
      0.642677759875319,
      0.22714823871355533,
      0.14037198827292408,
      -0.3434965017897209,
      -0.3988454248448443,
      1.8455682925865795,
      0.36787232400372605,
      1.4140238960000953,
      0.7939583217852699,
      -0.4611781181895908,
      0.25580634218515114,
      1.5503403690242725,
      -0.5916389553447523,
      0.42670334949059546,
      -0.18158684609938638,
      0.1260846913952524,
      1.5469962278234362,
      -0.5380335335980497,
      0.5759070258900247,
      1.2866335639720565,
      -0.21454553806793894,
      -0.9139003872449619,
      -0.04046503861306194,
      -0.8871537364429851,
      0.4232561935496073,
      -0.8544119527292736,
      52.73171011978645,
      -0.5821527388455103,
      -0.09072136198858669,
      0.04057281787062378,
      0.4641644994435743,
      0.20761672978951096,
      0.10008279980746457,
      -0.07336113701448016,
      -0.1736396292339044,
      -0.03804630810047882,
      0.7959672933184112,
      -0.018999940886895827,
      0.4362703419710192,
      0.5170137909021627,
      0.4482014370724755,
      0.3633871356368964,
      -0.7334259998039874,
      0.0074778035586914315,
      0.08346053790801033,
      0.08644942881590861,
      1.1813182156520692,
      -0.6586671114935936
    ],
    [
      0.008569631402843503,
      -0.14267698498282744,
      -0.13136123731381547,
      2.6609261403850066,
      0.62255369728311,
      -1.073038178008789,
      0.6908435651844063,
      -0.21356995023618686,
      -0.23449336617018435,
      0.8963781313522676,
      -0.5213863045440912,
      -0.04027209654121833,
      0.4425841305924616,
      0.21051732039242932,
      -0.6794140876035177,
      0.6046252509856438,
      0.6940599477454495,
      0.7915324016355325,
      -0.6308166615540861,
      0.6025086621822191,
      0.08691946072362278,
      0.12021941889705534,
      0.09737262181528136,
      -0.544450561243287,
      0.7128123442545556,
      0.16958198482067882,
      0.23949029069421146,
      1.122771078726982,
      -0.5821527388455103,
      60.599346132216404,
